[
    {
        "main/accuracy": 0.026801801801801747,
        "main/loss": 4.546941925276507,
        "validation/main/accuracy": 0.02,
        "validation/main/loss": 15.412260146935783,
        "epoch": 10,
        "iteration": 444,
        "elapsed_time": 5.4042478880001
    }
]